16 0.043588 0.405675 0.039190 0.114708
16 0.243868 0.381495 0.038523 0.114708
16 0.460344 0.360512 0.037990 0.116707
16 0.676420 0.526079 0.029459 0.086131
16 0.838843 0.525580 0.033058 0.087130
17 0.524260 0.723122 0.009331 0.026978
17 0.565183 0.723821 0.008798 0.026379
17 0.606705 0.724021 0.008398 0.026779
17 0.650493 0.724720 0.009064 0.028177
17 0.574447 0.780376 0.005199 0.016387
17 0.594641 0.780675 0.004532 0.014988
17 0.618035 0.781974 0.005732 0.015188
17 0.641362 0.782574 0.005199 0.015188
17 0.668688 0.783074 0.005199 0.014189
17 0.723874 0.771383 0.011330 0.028777
